750
1
28
94 95
285 288
20 26
34
49 51
314
4
144 146
252 253
202
147 150
15 18
243 244
66 67
256 257
27 30
343 344
153 155
231 234
161 162
71 72
118 119
0 2
62
3
291 295
171 172
80 82
105 108
226 227
407 408
297 304
6 8
77
306 307
173 175
198 199
238 242
10 12
156 157
50
91 93
401 402
313
64 65
272
99 101
129 130
386 388
286
78
200 204
259 262
368 371
36 37
138 143
387
17
76 79
92
31 32
151 152
125
409 410
359 363
131 133
5
434 437
166
296
68 69
324 327
116 117
134 137
382 383
9
22
46 47
98
140
11
510 511
422 424
127
183 185
38
339 341
474 475
114 115
246 248
70
154
483
109
251
13
485
180 182
413 414
416
123 124
481 482
25
345 350
84 85
90
428 432
86 88
472
223 224
87
211
287
113
494 495
52 53
466 469
372 373
121
201
41
433
141
29
39
19
298
216
476 478
45
168 169
40 44
145
247
255
403 405
265
270 271
159
370
23
567
107
158 160
468
484 487
300
89
126 128
236 237
102 104
320
337 338
436
196
100
74
528 529
188 190
534 535
490 492
59 61
149
394 395
330 331
312
43
459 461
206 207
497
230
606
543 544
512 513
452 454
609 612
507
430
333
35
273 280
415 417
457
96 97
267
83
249 250
447 449
197
60
651 653
139
550
187
24
260
390 392
163 165
179
191 195
279
178
470 471
464 465
325
635 636
263 264
438 443
281
335 336
660 661
103
294
517 518
7
614
176
132
112
14
106
620 622
48
218 221
241
266 269
367
302
505
63
120
638
662 664
205
289 290
496 498
444 445
463
548 552
54 55
615 617
701 703
375 376
364
81
450
228
328
393
225
714 715
688
258
111
423
277
254
181
546
203
21
564 566
214 215
681 683
148
245
210
406
446
136
673 674
523 524
568 571
381
235
519
720 721
209
167
208
645
569
710 711
499
723
627
618 619
310 318
521 522
347
329
504
583 585
352
759 760
317
229
576
560
765 769
384 385
57 58
579 580
283
637 643
309
644
557
509
665 666
305
735 737
164
311
624 625
212
174
704
545 547
233
455 458
239
75
616
525 527
299
186
276
42
753 758
219
278
189
724
553 558
217
184
755
846 847
668 670
762 763
555
293
110
800 801
73
633 634
537 542
855
122
508
539
832 833
303
840 841
572 573
866 868
860
261
628 630
451
740 744
770 773
193
301
488
736
316
889
813 814
808 810
404
873 876
456
240
825 828
500
647
561
275
533
728
716 717
516
268
435
677
802
575
353 355
815
467
194
411
501 503
584
684 685
412
56
391
581 582
284
861 862
334
356
933
142
857 858
707
462
607 608
837 838
929 930
441
775
906
292
648
702
348
439
923
932 934
340
778
332
213
16
135
853 856
850
899
756
562 563
939
526
554
369
941 943
655
894 897
937 940
982 984
788 789
429
326
502
623
397
950
898 901
785
360
473
398 399
551
816 817
389
232
377
774 781
595 598
902 903
947 949
591
964
605
867
520
956 957
795 796
597
321 322
33
361
910 911
489
323
421
170
746
729
426 427
884 885
663
480
222
514
869
977 979
365 366
358
951
570
315
418 419
374
834 835
177
477
559
479
761
797 798
690
945 946
631 632
493
826
675 676
342
993 995
588
973 974
697 698
851
818 824
771
220
745
599 600
718
354
536
346
378
695 696
586 587
400
805 806
656
319
349
604
577 578
657 659
732
565
192
642
530
274
420
442
610
540
549
654
460
784
646
589 590
821
891 892
705 709
506
594
712
431
556
351
357
532
743
486
682
396
448
596
541
942
793 794
440
719
962
425
362
985 988
792
602
650
924
538
640
652
658
667
904 909
531
649
725
726 731
741
611
282
669
865
679
819
708
886
803
764
713
742
680
879 881
733
515
601 603
754
926
958 960
961 965
706
836
912 915
882 883
913
574
807
641
967 968
880
922
916 918
994
671
776
699 700
766
686 689
672
730
308
952 953
629
626
893
491
694
722
978
592
842
613
727
693
621
678
747
812
777
687
379
849
639
919 920
739
380
809
921
779
963
692
772
859
874
757
751 752
935
845
830
691
787
768
749 750
900
804
871 872
896
936
738
996 999
786
820
864
997
998
890
811
843
453
799
767
823
844
839
790
969
593
734
852
878
829
827
971
907
908
791
748
780
955
782 783
931
905
975
822
992
990 991
831
989
870
970
938
925
927 928
863
887
980 981
959
914
877
848
854
875
888
966
983
895
944
917
976
948
986
954
972
987
